{
 "cells": [
  {
   "cell_type": "markdown",
   "id": "bffb028b",
   "metadata": {},
   "source": [
    "# import libraries"
   ]
  },
  {
   "cell_type": "code",
   "execution_count": 1,
   "id": "47bbab64",
   "metadata": {},
   "outputs": [],
   "source": [
    "from sklearn.datasets import fetch_california_housing\n",
    "import pandas as pd\n",
    "import numpy as np\n"
   ]
  },
  {
   "cell_type": "markdown",
   "id": "92d11009",
   "metadata": {},
   "source": [
    "# Load the dataset"
   ]
  },
  {
   "cell_type": "code",
   "execution_count": 2,
   "id": "3c4a2847",
   "metadata": {},
   "outputs": [
    {
     "data": {
      "text/plain": [
       "{'data': array([[   8.3252    ,   41.        ,    6.98412698, ...,    2.55555556,\n",
       "           37.88      , -122.23      ],\n",
       "        [   8.3014    ,   21.        ,    6.23813708, ...,    2.10984183,\n",
       "           37.86      , -122.22      ],\n",
       "        [   7.2574    ,   52.        ,    8.28813559, ...,    2.80225989,\n",
       "           37.85      , -122.24      ],\n",
       "        ...,\n",
       "        [   1.7       ,   17.        ,    5.20554273, ...,    2.3256351 ,\n",
       "           39.43      , -121.22      ],\n",
       "        [   1.8672    ,   18.        ,    5.32951289, ...,    2.12320917,\n",
       "           39.43      , -121.32      ],\n",
       "        [   2.3886    ,   16.        ,    5.25471698, ...,    2.61698113,\n",
       "           39.37      , -121.24      ]]),\n",
       " 'target': array([4.526, 3.585, 3.521, ..., 0.923, 0.847, 0.894]),\n",
       " 'frame': None,\n",
       " 'target_names': ['MedHouseVal'],\n",
       " 'feature_names': ['MedInc',\n",
       "  'HouseAge',\n",
       "  'AveRooms',\n",
       "  'AveBedrms',\n",
       "  'Population',\n",
       "  'AveOccup',\n",
       "  'Latitude',\n",
       "  'Longitude'],\n",
       " 'DESCR': '.. _california_housing_dataset:\\n\\nCalifornia Housing dataset\\n--------------------------\\n\\n**Data Set Characteristics:**\\n\\n:Number of Instances: 20640\\n\\n:Number of Attributes: 8 numeric, predictive attributes and the target\\n\\n:Attribute Information:\\n    - MedInc        median income in block group\\n    - HouseAge      median house age in block group\\n    - AveRooms      average number of rooms per household\\n    - AveBedrms     average number of bedrooms per household\\n    - Population    block group population\\n    - AveOccup      average number of household members\\n    - Latitude      block group latitude\\n    - Longitude     block group longitude\\n\\n:Missing Attribute Values: None\\n\\nThis dataset was obtained from the StatLib repository.\\nhttps://www.dcc.fc.up.pt/~ltorgo/Regression/cal_housing.html\\n\\nThe target variable is the median house value for California districts,\\nexpressed in hundreds of thousands of dollars ($100,000).\\n\\nThis dataset was derived from the 1990 U.S. census, using one row per census\\nblock group. A block group is the smallest geographical unit for which the U.S.\\nCensus Bureau publishes sample data (a block group typically has a population\\nof 600 to 3,000 people).\\n\\nA household is a group of people residing within a home. Since the average\\nnumber of rooms and bedrooms in this dataset are provided per household, these\\ncolumns may take surprisingly large values for block groups with few households\\nand many empty houses, such as vacation resorts.\\n\\nIt can be downloaded/loaded using the\\n:func:`sklearn.datasets.fetch_california_housing` function.\\n\\n.. rubric:: References\\n\\n- Pace, R. Kelley and Ronald Barry, Sparse Spatial Autoregressions,\\n  Statistics and Probability Letters, 33 (1997) 291-297\\n'}"
      ]
     },
     "execution_count": 2,
     "metadata": {},
     "output_type": "execute_result"
    }
   ],
   "source": [
    "california_housing = fetch_california_housing()\n",
    "california_housing"
   ]
  },
  {
   "cell_type": "markdown",
   "id": "c871fe1b",
   "metadata": {},
   "source": [
    "# create df"
   ]
  },
  {
   "cell_type": "code",
   "execution_count": 3,
   "id": "416084cc",
   "metadata": {},
   "outputs": [
    {
     "name": "stdout",
     "output_type": "stream",
     "text": [
      "data.shape: (20640, 8)\n",
      "target.shape: (20640,)\n",
      "len(feature_names): 8\n",
      "len(target_names): 1\n"
     ]
    }
   ],
   "source": [
    "# fetch data\n",
    "data = california_housing.data\n",
    "# fetch target\n",
    "target = california_housing.target\n",
    "# fetch feature_names\n",
    "feature_names = california_housing.feature_names\n",
    "# fetch target names\n",
    "target_names = california_housing.target_names\n",
    "\n",
    "print(f\"data.shape: {data.shape}\")\n",
    "print(f\"target.shape: {target.shape}\")\n",
    "print(f\"len(feature_names): {len(feature_names)}\")\n",
    "print(f\"len(target_names): {len(target_names)}\")"
   ]
  },
  {
   "cell_type": "code",
   "execution_count": 4,
   "id": "25b181d5",
   "metadata": {},
   "outputs": [
    {
     "data": {
      "text/html": [
       "<div>\n",
       "<style scoped>\n",
       "    .dataframe tbody tr th:only-of-type {\n",
       "        vertical-align: middle;\n",
       "    }\n",
       "\n",
       "    .dataframe tbody tr th {\n",
       "        vertical-align: top;\n",
       "    }\n",
       "\n",
       "    .dataframe thead th {\n",
       "        text-align: right;\n",
       "    }\n",
       "</style>\n",
       "<table border=\"1\" class=\"dataframe\">\n",
       "  <thead>\n",
       "    <tr style=\"text-align: right;\">\n",
       "      <th></th>\n",
       "      <th>0</th>\n",
       "    </tr>\n",
       "  </thead>\n",
       "  <tbody>\n",
       "    <tr>\n",
       "      <th>MedInc</th>\n",
       "      <td>8.325200</td>\n",
       "    </tr>\n",
       "    <tr>\n",
       "      <th>HouseAge</th>\n",
       "      <td>41.000000</td>\n",
       "    </tr>\n",
       "    <tr>\n",
       "      <th>AveRooms</th>\n",
       "      <td>6.984127</td>\n",
       "    </tr>\n",
       "    <tr>\n",
       "      <th>AveBedrms</th>\n",
       "      <td>1.023810</td>\n",
       "    </tr>\n",
       "    <tr>\n",
       "      <th>Population</th>\n",
       "      <td>322.000000</td>\n",
       "    </tr>\n",
       "    <tr>\n",
       "      <th>AveOccup</th>\n",
       "      <td>2.555556</td>\n",
       "    </tr>\n",
       "    <tr>\n",
       "      <th>Latitude</th>\n",
       "      <td>37.880000</td>\n",
       "    </tr>\n",
       "    <tr>\n",
       "      <th>Longitude</th>\n",
       "      <td>-122.230000</td>\n",
       "    </tr>\n",
       "    <tr>\n",
       "      <th>MedHouseVal</th>\n",
       "      <td>4.526000</td>\n",
       "    </tr>\n",
       "  </tbody>\n",
       "</table>\n",
       "</div>"
      ],
      "text/plain": [
       "                      0\n",
       "MedInc         8.325200\n",
       "HouseAge      41.000000\n",
       "AveRooms       6.984127\n",
       "AveBedrms      1.023810\n",
       "Population   322.000000\n",
       "AveOccup       2.555556\n",
       "Latitude      37.880000\n",
       "Longitude   -122.230000\n",
       "MedHouseVal    4.526000"
      ]
     },
     "execution_count": 4,
     "metadata": {},
     "output_type": "execute_result"
    }
   ],
   "source": [
    "# add target column to data array\n",
    "whole_data = np.c_[data, target]\n",
    "# add target names to feature names\n",
    "column_names = feature_names + target_names\n",
    "\n",
    "# create dataframe\n",
    "df = pd.DataFrame(whole_data, columns=column_names)\n",
    "# print first row\n",
    "df.head(1).T\n"
   ]
  },
  {
   "cell_type": "code",
   "execution_count": 5,
   "id": "70224930",
   "metadata": {},
   "outputs": [
    {
     "name": "stdout",
     "output_type": "stream",
     "text": [
      "<class 'pandas.core.frame.DataFrame'>\n",
      "RangeIndex: 20640 entries, 0 to 20639\n",
      "Data columns (total 9 columns):\n",
      " #   Column       Non-Null Count  Dtype  \n",
      "---  ------       --------------  -----  \n",
      " 0   MedInc       20640 non-null  float64\n",
      " 1   HouseAge     20640 non-null  float64\n",
      " 2   AveRooms     20640 non-null  float64\n",
      " 3   AveBedrms    20640 non-null  float64\n",
      " 4   Population   20640 non-null  float64\n",
      " 5   AveOccup     20640 non-null  float64\n",
      " 6   Latitude     20640 non-null  float64\n",
      " 7   Longitude    20640 non-null  float64\n",
      " 8   MedHouseVal  20640 non-null  float64\n",
      "dtypes: float64(9)\n",
      "memory usage: 1.4 MB\n"
     ]
    }
   ],
   "source": [
    "# print df info\n",
    "df.info()"
   ]
  },
  {
   "cell_type": "markdown",
   "id": "1e3f9b8b",
   "metadata": {},
   "source": [
    "# print info of df"
   ]
  },
  {
   "cell_type": "code",
   "execution_count": 6,
   "id": "972c3b31",
   "metadata": {},
   "outputs": [
    {
     "name": "stdout",
     "output_type": "stream",
     "text": [
      "number of rows: 20640\n",
      "number of columns: 9\n"
     ]
    }
   ],
   "source": [
    "print(f\"number of rows: {df.shape[0]}\")\n",
    "print(f\"number of columns: {df.shape[1]}\")\n"
   ]
  },
  {
   "cell_type": "code",
   "execution_count": 7,
   "id": "6a1d3c85",
   "metadata": {},
   "outputs": [
    {
     "data": {
      "text/plain": [
       "MedInc            14.500200\n",
       "HouseAge          51.000000\n",
       "AveRooms         141.062937\n",
       "AveBedrms         33.733333\n",
       "Population     35679.000000\n",
       "AveOccup        1242.641026\n",
       "Latitude           9.410000\n",
       "Longitude         10.040000\n",
       "MedHouseVal        4.850020\n",
       "dtype: float64"
      ]
     },
     "execution_count": 7,
     "metadata": {},
     "output_type": "execute_result"
    }
   ],
   "source": [
    "# print df ranges\n",
    "df_ranges = df.max(axis=0) - df.min(axis=0)\n",
    "df_ranges"
   ]
  },
  {
   "cell_type": "markdown",
   "id": "9ae2f1ad",
   "metadata": {},
   "source": [
    "# calculate cov and corr matrices\n",
    "> the differences between to matrices\n",
    "> - cov matrix has values in different scales and ranges\n",
    "> - because of this we can not compare different values \n",
    "> - corr matrix  values are normalised\n",
    "> - all are in same scale and ranges\n",
    "> - it is easy to compare values and see how they worth"
   ]
  },
  {
   "cell_type": "code",
   "execution_count": 8,
   "id": "55e15a52",
   "metadata": {},
   "outputs": [],
   "source": [
    "cov = df.cov()\n",
    "corr = df.corr()"
   ]
  },
  {
   "cell_type": "code",
   "execution_count": 9,
   "id": "462c4272",
   "metadata": {},
   "outputs": [
    {
     "data": {
      "text/html": [
       "<div>\n",
       "<style scoped>\n",
       "    .dataframe tbody tr th:only-of-type {\n",
       "        vertical-align: middle;\n",
       "    }\n",
       "\n",
       "    .dataframe tbody tr th {\n",
       "        vertical-align: top;\n",
       "    }\n",
       "\n",
       "    .dataframe thead th {\n",
       "        text-align: right;\n",
       "    }\n",
       "</style>\n",
       "<table border=\"1\" class=\"dataframe\">\n",
       "  <thead>\n",
       "    <tr style=\"text-align: right;\">\n",
       "      <th></th>\n",
       "      <th>MedInc</th>\n",
       "      <th>HouseAge</th>\n",
       "      <th>AveRooms</th>\n",
       "      <th>AveBedrms</th>\n",
       "      <th>Population</th>\n",
       "      <th>AveOccup</th>\n",
       "      <th>Latitude</th>\n",
       "      <th>Longitude</th>\n",
       "      <th>MedHouseVal</th>\n",
       "    </tr>\n",
       "  </thead>\n",
       "  <tbody>\n",
       "    <tr>\n",
       "      <th>MedInc</th>\n",
       "      <td>3.609323</td>\n",
       "      <td>-2.846140</td>\n",
       "      <td>1.536568</td>\n",
       "      <td>-0.055858</td>\n",
       "      <td>1.040098e+01</td>\n",
       "      <td>0.370289</td>\n",
       "      <td>-0.323860</td>\n",
       "      <td>-0.057765</td>\n",
       "      <td>1.508475</td>\n",
       "    </tr>\n",
       "    <tr>\n",
       "      <th>HouseAge</th>\n",
       "      <td>-2.846140</td>\n",
       "      <td>158.396260</td>\n",
       "      <td>-4.772882</td>\n",
       "      <td>-0.463718</td>\n",
       "      <td>-4.222271e+03</td>\n",
       "      <td>1.724298</td>\n",
       "      <td>0.300346</td>\n",
       "      <td>-2.728244</td>\n",
       "      <td>1.533988</td>\n",
       "    </tr>\n",
       "    <tr>\n",
       "      <th>AveRooms</th>\n",
       "      <td>1.536568</td>\n",
       "      <td>-4.772882</td>\n",
       "      <td>6.121533</td>\n",
       "      <td>0.993868</td>\n",
       "      <td>-2.023337e+02</td>\n",
       "      <td>-0.124689</td>\n",
       "      <td>0.562235</td>\n",
       "      <td>-0.136518</td>\n",
       "      <td>0.433826</td>\n",
       "    </tr>\n",
       "    <tr>\n",
       "      <th>AveBedrms</th>\n",
       "      <td>-0.055858</td>\n",
       "      <td>-0.463718</td>\n",
       "      <td>0.993868</td>\n",
       "      <td>0.224592</td>\n",
       "      <td>-3.552723e+01</td>\n",
       "      <td>-0.030424</td>\n",
       "      <td>0.070575</td>\n",
       "      <td>0.012670</td>\n",
       "      <td>-0.025539</td>\n",
       "    </tr>\n",
       "    <tr>\n",
       "      <th>Population</th>\n",
       "      <td>10.400979</td>\n",
       "      <td>-4222.270582</td>\n",
       "      <td>-202.333712</td>\n",
       "      <td>-35.527225</td>\n",
       "      <td>1.282470e+06</td>\n",
       "      <td>821.712002</td>\n",
       "      <td>-263.137814</td>\n",
       "      <td>226.377839</td>\n",
       "      <td>-32.212487</td>\n",
       "    </tr>\n",
       "    <tr>\n",
       "      <th>AveOccup</th>\n",
       "      <td>0.370289</td>\n",
       "      <td>1.724298</td>\n",
       "      <td>-0.124689</td>\n",
       "      <td>-0.030424</td>\n",
       "      <td>8.217120e+02</td>\n",
       "      <td>107.870026</td>\n",
       "      <td>0.052492</td>\n",
       "      <td>0.051519</td>\n",
       "      <td>-0.284494</td>\n",
       "    </tr>\n",
       "    <tr>\n",
       "      <th>Latitude</th>\n",
       "      <td>-0.323860</td>\n",
       "      <td>0.300346</td>\n",
       "      <td>0.562235</td>\n",
       "      <td>0.070575</td>\n",
       "      <td>-2.631378e+02</td>\n",
       "      <td>0.052492</td>\n",
       "      <td>4.562293</td>\n",
       "      <td>-3.957054</td>\n",
       "      <td>-0.355326</td>\n",
       "    </tr>\n",
       "    <tr>\n",
       "      <th>Longitude</th>\n",
       "      <td>-0.057765</td>\n",
       "      <td>-2.728244</td>\n",
       "      <td>-0.136518</td>\n",
       "      <td>0.012670</td>\n",
       "      <td>2.263778e+02</td>\n",
       "      <td>0.051519</td>\n",
       "      <td>-3.957054</td>\n",
       "      <td>4.014139</td>\n",
       "      <td>-0.106274</td>\n",
       "    </tr>\n",
       "    <tr>\n",
       "      <th>MedHouseVal</th>\n",
       "      <td>1.508475</td>\n",
       "      <td>1.533988</td>\n",
       "      <td>0.433826</td>\n",
       "      <td>-0.025539</td>\n",
       "      <td>-3.221249e+01</td>\n",
       "      <td>-0.284494</td>\n",
       "      <td>-0.355326</td>\n",
       "      <td>-0.106274</td>\n",
       "      <td>1.331615</td>\n",
       "    </tr>\n",
       "  </tbody>\n",
       "</table>\n",
       "</div>"
      ],
      "text/plain": [
       "                MedInc     HouseAge    AveRooms  AveBedrms    Population  \\\n",
       "MedInc        3.609323    -2.846140    1.536568  -0.055858  1.040098e+01   \n",
       "HouseAge     -2.846140   158.396260   -4.772882  -0.463718 -4.222271e+03   \n",
       "AveRooms      1.536568    -4.772882    6.121533   0.993868 -2.023337e+02   \n",
       "AveBedrms    -0.055858    -0.463718    0.993868   0.224592 -3.552723e+01   \n",
       "Population   10.400979 -4222.270582 -202.333712 -35.527225  1.282470e+06   \n",
       "AveOccup      0.370289     1.724298   -0.124689  -0.030424  8.217120e+02   \n",
       "Latitude     -0.323860     0.300346    0.562235   0.070575 -2.631378e+02   \n",
       "Longitude    -0.057765    -2.728244   -0.136518   0.012670  2.263778e+02   \n",
       "MedHouseVal   1.508475     1.533988    0.433826  -0.025539 -3.221249e+01   \n",
       "\n",
       "               AveOccup    Latitude   Longitude  MedHouseVal  \n",
       "MedInc         0.370289   -0.323860   -0.057765     1.508475  \n",
       "HouseAge       1.724298    0.300346   -2.728244     1.533988  \n",
       "AveRooms      -0.124689    0.562235   -0.136518     0.433826  \n",
       "AveBedrms     -0.030424    0.070575    0.012670    -0.025539  \n",
       "Population   821.712002 -263.137814  226.377839   -32.212487  \n",
       "AveOccup     107.870026    0.052492    0.051519    -0.284494  \n",
       "Latitude       0.052492    4.562293   -3.957054    -0.355326  \n",
       "Longitude      0.051519   -3.957054    4.014139    -0.106274  \n",
       "MedHouseVal   -0.284494   -0.355326   -0.106274     1.331615  "
      ]
     },
     "execution_count": 9,
     "metadata": {},
     "output_type": "execute_result"
    }
   ],
   "source": [
    "cov"
   ]
  },
  {
   "cell_type": "code",
   "execution_count": 10,
   "id": "36094017",
   "metadata": {},
   "outputs": [
    {
     "data": {
      "text/html": [
       "<div>\n",
       "<style scoped>\n",
       "    .dataframe tbody tr th:only-of-type {\n",
       "        vertical-align: middle;\n",
       "    }\n",
       "\n",
       "    .dataframe tbody tr th {\n",
       "        vertical-align: top;\n",
       "    }\n",
       "\n",
       "    .dataframe thead th {\n",
       "        text-align: right;\n",
       "    }\n",
       "</style>\n",
       "<table border=\"1\" class=\"dataframe\">\n",
       "  <thead>\n",
       "    <tr style=\"text-align: right;\">\n",
       "      <th></th>\n",
       "      <th>MedInc</th>\n",
       "      <th>HouseAge</th>\n",
       "      <th>AveRooms</th>\n",
       "      <th>AveBedrms</th>\n",
       "      <th>Population</th>\n",
       "      <th>AveOccup</th>\n",
       "      <th>Latitude</th>\n",
       "      <th>Longitude</th>\n",
       "      <th>MedHouseVal</th>\n",
       "    </tr>\n",
       "  </thead>\n",
       "  <tbody>\n",
       "    <tr>\n",
       "      <th>MedInc</th>\n",
       "      <td>1.000000</td>\n",
       "      <td>-0.119034</td>\n",
       "      <td>0.326895</td>\n",
       "      <td>-0.062040</td>\n",
       "      <td>0.004834</td>\n",
       "      <td>0.018766</td>\n",
       "      <td>-0.079809</td>\n",
       "      <td>-0.015176</td>\n",
       "      <td>0.688075</td>\n",
       "    </tr>\n",
       "    <tr>\n",
       "      <th>HouseAge</th>\n",
       "      <td>-0.119034</td>\n",
       "      <td>1.000000</td>\n",
       "      <td>-0.153277</td>\n",
       "      <td>-0.077747</td>\n",
       "      <td>-0.296244</td>\n",
       "      <td>0.013191</td>\n",
       "      <td>0.011173</td>\n",
       "      <td>-0.108197</td>\n",
       "      <td>0.105623</td>\n",
       "    </tr>\n",
       "    <tr>\n",
       "      <th>AveRooms</th>\n",
       "      <td>0.326895</td>\n",
       "      <td>-0.153277</td>\n",
       "      <td>1.000000</td>\n",
       "      <td>0.847621</td>\n",
       "      <td>-0.072213</td>\n",
       "      <td>-0.004852</td>\n",
       "      <td>0.106389</td>\n",
       "      <td>-0.027540</td>\n",
       "      <td>0.151948</td>\n",
       "    </tr>\n",
       "    <tr>\n",
       "      <th>AveBedrms</th>\n",
       "      <td>-0.062040</td>\n",
       "      <td>-0.077747</td>\n",
       "      <td>0.847621</td>\n",
       "      <td>1.000000</td>\n",
       "      <td>-0.066197</td>\n",
       "      <td>-0.006181</td>\n",
       "      <td>0.069721</td>\n",
       "      <td>0.013344</td>\n",
       "      <td>-0.046701</td>\n",
       "    </tr>\n",
       "    <tr>\n",
       "      <th>Population</th>\n",
       "      <td>0.004834</td>\n",
       "      <td>-0.296244</td>\n",
       "      <td>-0.072213</td>\n",
       "      <td>-0.066197</td>\n",
       "      <td>1.000000</td>\n",
       "      <td>0.069863</td>\n",
       "      <td>-0.108785</td>\n",
       "      <td>0.099773</td>\n",
       "      <td>-0.024650</td>\n",
       "    </tr>\n",
       "    <tr>\n",
       "      <th>AveOccup</th>\n",
       "      <td>0.018766</td>\n",
       "      <td>0.013191</td>\n",
       "      <td>-0.004852</td>\n",
       "      <td>-0.006181</td>\n",
       "      <td>0.069863</td>\n",
       "      <td>1.000000</td>\n",
       "      <td>0.002366</td>\n",
       "      <td>0.002476</td>\n",
       "      <td>-0.023737</td>\n",
       "    </tr>\n",
       "    <tr>\n",
       "      <th>Latitude</th>\n",
       "      <td>-0.079809</td>\n",
       "      <td>0.011173</td>\n",
       "      <td>0.106389</td>\n",
       "      <td>0.069721</td>\n",
       "      <td>-0.108785</td>\n",
       "      <td>0.002366</td>\n",
       "      <td>1.000000</td>\n",
       "      <td>-0.924664</td>\n",
       "      <td>-0.144160</td>\n",
       "    </tr>\n",
       "    <tr>\n",
       "      <th>Longitude</th>\n",
       "      <td>-0.015176</td>\n",
       "      <td>-0.108197</td>\n",
       "      <td>-0.027540</td>\n",
       "      <td>0.013344</td>\n",
       "      <td>0.099773</td>\n",
       "      <td>0.002476</td>\n",
       "      <td>-0.924664</td>\n",
       "      <td>1.000000</td>\n",
       "      <td>-0.045967</td>\n",
       "    </tr>\n",
       "    <tr>\n",
       "      <th>MedHouseVal</th>\n",
       "      <td>0.688075</td>\n",
       "      <td>0.105623</td>\n",
       "      <td>0.151948</td>\n",
       "      <td>-0.046701</td>\n",
       "      <td>-0.024650</td>\n",
       "      <td>-0.023737</td>\n",
       "      <td>-0.144160</td>\n",
       "      <td>-0.045967</td>\n",
       "      <td>1.000000</td>\n",
       "    </tr>\n",
       "  </tbody>\n",
       "</table>\n",
       "</div>"
      ],
      "text/plain": [
       "               MedInc  HouseAge  AveRooms  AveBedrms  Population  AveOccup  \\\n",
       "MedInc       1.000000 -0.119034  0.326895  -0.062040    0.004834  0.018766   \n",
       "HouseAge    -0.119034  1.000000 -0.153277  -0.077747   -0.296244  0.013191   \n",
       "AveRooms     0.326895 -0.153277  1.000000   0.847621   -0.072213 -0.004852   \n",
       "AveBedrms   -0.062040 -0.077747  0.847621   1.000000   -0.066197 -0.006181   \n",
       "Population   0.004834 -0.296244 -0.072213  -0.066197    1.000000  0.069863   \n",
       "AveOccup     0.018766  0.013191 -0.004852  -0.006181    0.069863  1.000000   \n",
       "Latitude    -0.079809  0.011173  0.106389   0.069721   -0.108785  0.002366   \n",
       "Longitude   -0.015176 -0.108197 -0.027540   0.013344    0.099773  0.002476   \n",
       "MedHouseVal  0.688075  0.105623  0.151948  -0.046701   -0.024650 -0.023737   \n",
       "\n",
       "             Latitude  Longitude  MedHouseVal  \n",
       "MedInc      -0.079809  -0.015176     0.688075  \n",
       "HouseAge     0.011173  -0.108197     0.105623  \n",
       "AveRooms     0.106389  -0.027540     0.151948  \n",
       "AveBedrms    0.069721   0.013344    -0.046701  \n",
       "Population  -0.108785   0.099773    -0.024650  \n",
       "AveOccup     0.002366   0.002476    -0.023737  \n",
       "Latitude     1.000000  -0.924664    -0.144160  \n",
       "Longitude   -0.924664   1.000000    -0.045967  \n",
       "MedHouseVal -0.144160  -0.045967     1.000000  "
      ]
     },
     "execution_count": 10,
     "metadata": {},
     "output_type": "execute_result"
    }
   ],
   "source": [
    "corr"
   ]
  },
  {
   "cell_type": "markdown",
   "id": "49105eb3",
   "metadata": {},
   "source": [
    "# find entries with max abs values"
   ]
  },
  {
   "cell_type": "code",
   "execution_count": 15,
   "id": "cb5fc908",
   "metadata": {},
   "outputs": [
    {
     "name": "stdout",
     "output_type": "stream",
     "text": [
      "Flat indices: [61 21  8]\n",
      "Top 3 positions: [(np.int64(6), np.int64(7)), (np.int64(2), np.int64(3)), (np.int64(0), np.int64(8))]\n"
     ]
    }
   ],
   "source": [
    "# Upper triangle (including diagonal)\n",
    "upper_corr = np.triu(corr) \n",
    "# In-place modification  \n",
    "np.fill_diagonal(upper_corr, 0) \n",
    "# remove the sign from matrix \n",
    "upper_corr = np.abs(upper_corr)\n",
    "\n",
    "flat = upper_corr.flatten()\n",
    "# Get 3 largest (unsorted)\n",
    "top3 = np.partition(flat, -3)[-3:]  \n",
    "# find big value's indices in descending order\n",
    "indices = np.argsort(flat)[::-1]   \n",
    "top3_indices = indices[:3]\n",
    "print(\"Flat indices:\", top3_indices)\n",
    "# find indices in 2-D matrix\n",
    "rows, cols = np.unravel_index(top3_indices, upper_corr.shape)\n",
    "positions = list(zip(rows, cols))\n",
    "print(\"Top 3 positions:\", positions)\n"
   ]
  },
  {
   "cell_type": "code",
   "execution_count": 20,
   "id": "2f03257e-00d1-4f7e-9852-0f5fa39258bd",
   "metadata": {},
   "outputs": [
    {
     "name": "stdout",
     "output_type": "stream",
     "text": [
      "Flat indices: [61 21  8]\n",
      "Top 3 positions: [(np.int64(6), np.int64(7)), (np.int64(2), np.int64(3)), (np.int64(0), np.int64(8))]\n"
     ]
    },
    {
     "data": {
      "text/plain": [
       "[(np.int64(6), np.int64(7)),\n",
       " (np.int64(2), np.int64(3)),\n",
       " (np.int64(0), np.int64(8))]"
      ]
     },
     "execution_count": 20,
     "metadata": {},
     "output_type": "execute_result"
    }
   ],
   "source": [
    "def find_big_values(matrix, k):\n",
    "    # Upper triangle (including diagonal)\n",
    "    upper = np.triu(matrix) \n",
    "    # In-place modification  \n",
    "    np.fill_diagonal(upper, 0) \n",
    "    # remove the sign from matrix \n",
    "    upper = np.abs(upper)\n",
    "    \n",
    "    flat = upper.flatten()\n",
    "    # Get 3 largest (unsorted)\n",
    "    top3 = np.partition(flat, -k)[-k:]  \n",
    "    # find big value's indices in descending order\n",
    "    indices = np.argsort(flat)[::-1]   \n",
    "    top3_indices = indices[:k]\n",
    "    print(\"Flat indices:\", top3_indices)\n",
    "    # find indices in 2-D matrix\n",
    "    rows, cols = np.unravel_index(top3_indices, upper.shape)\n",
    "    positions = list(zip(rows, cols))\n",
    "    print(\"Top 3 positions:\", positions)\n",
    "    return positions\n",
    "\n",
    "find_big_values(corr, 3)"
   ]
  },
  {
   "cell_type": "markdown",
   "id": "d42316ca",
   "metadata": {},
   "source": [
    "# based on output\n",
    "> - the blocks with big incomes, have houses with big values\n",
    "> - houses which have more rooms, have also more bedrooms\n",
    "> - house are placed in diagonal geographical order"
   ]
  },
  {
   "cell_type": "code",
   "execution_count": 21,
   "id": "a0b93110",
   "metadata": {},
   "outputs": [
    {
     "name": "stdout",
     "output_type": "stream",
     "text": [
      "Flat indices: [61 21  8]\n",
      "Top 3 positions: [(np.int64(6), np.int64(7)), (np.int64(2), np.int64(3)), (np.int64(0), np.int64(8))]\n"
     ]
    },
    {
     "data": {
      "text/plain": [
       "[('Latitude', 'Longitude', np.float64(-0.9246644339150366)),\n",
       " ('AveRooms', 'AveBedrms', np.float64(0.8476213257130424)),\n",
       " ('MedInc', 'MedHouseVal', np.float64(0.6880752079585484))]"
      ]
     },
     "execution_count": 21,
     "metadata": {},
     "output_type": "execute_result"
    }
   ],
   "source": [
    "# find most related columns\n",
    "related_names = []\n",
    "for row, col in find_big_values(corr, 3):\n",
    "    related_names.append((column_names[row], column_names[col], corr.iloc[row, col]))\n",
    "\n",
    "related_names"
   ]
  },
  {
   "cell_type": "markdown",
   "id": "1dd0d30f-41ea-46ac-af94-47f92c7c4c9c",
   "metadata": {},
   "source": [
    "# find big corr values in their related cov values"
   ]
  },
  {
   "cell_type": "code",
   "execution_count": 34,
   "id": "09378d4c",
   "metadata": {},
   "outputs": [
    {
     "name": "stdout",
     "output_type": "stream",
     "text": [
      "corr[6, 7]: -0.9246644339150366, \tcov[6, 7]: -3.957053721340572\n",
      "corr[2, 3]: 0.8476213257130424, \tcov[2, 3]: 0.9938678006790185\n",
      "corr[0, 8]: 0.6880752079585484, \tcov[0, 8]: 1.5084748279266043\n"
     ]
    }
   ],
   "source": [
    "for row, col in positions:\n",
    "    print(f\"corr[{row}, {col}]: {corr.iloc[row, col]}, \\tcov[{row}, {col}]: {cov.iloc[row, col]}\")"
   ]
  },
  {
   "cell_type": "markdown",
   "id": "ad819de9-65a8-41b5-8a74-784f5afb1af1",
   "metadata": {},
   "source": [
    "# find big cov values in their related corr values"
   ]
  },
  {
   "cell_type": "code",
   "execution_count": 22,
   "id": "576f3df9",
   "metadata": {},
   "outputs": [
    {
     "name": "stdout",
     "output_type": "stream",
     "text": [
      "Flat indices: [13 41 42]\n",
      "Top 3 positions: [(np.int64(1), np.int64(4)), (np.int64(4), np.int64(5)), (np.int64(4), np.int64(6))]\n",
      "corr[1, 4]: -0.29624423977353637, \tcov[1, 4]: -4222.270582223539\n",
      "corr[4, 5]: 0.06986273036567692, \tcov[4, 5]: 821.7120016336573\n",
      "corr[4, 6]: -0.10878474737766855, \tcov[4, 6]: -263.13781367855165\n"
     ]
    }
   ],
   "source": [
    "for row, col in find_big_values(cov, 3):\n",
    "    print(f\"corr[{row}, {col}]: {corr.iloc[row, col]}, \\tcov[{row}, {col}]: {cov.iloc[row, col]}\")"
   ]
  },
  {
   "cell_type": "markdown",
   "id": "bb759772-e935-4dc9-89ef-1e3905345816",
   "metadata": {},
   "source": [
    "### 📐 Covariance Formula\n",
    "For two random variables \\(X\\) and \\(Y\\) with \\(n\\) observations:\n",
    "\n",
    "$$\n",
    "\\text{Cov}(X, Y) = \\frac{1}{n} \\sum_{i=1}^{n} \\big( x_i - \\bar{x} \\big)\\big( y_i - \\bar{y} \\big)\n",
    "$$\n",
    "\n",
    "- $x_i, y_i$: the $i$-th observation of $X$ and $Y$  \n",
    "- $\\bar{x}, \\bar{y}$: the mean of $X$ and $Y$  \n",
    "- $n$: number of observations\n",
    "- multiplication of big ranges causes generating big values\n",
    "- changig scales from for example from m to cm causes one values get multiplied by 100\n",
    "\n",
    "---\n",
    "\n",
    "### 📊 Correlation Formula (Pearson’s $r$)\n",
    "Correlation is the normalized covariance:\n",
    "\n",
    "$$\n",
    "\\text{Corr}(X, Y) = \\frac{\\text{Cov}(X, Y)}{\\sigma_X \\cdot \\sigma_Y}\n",
    "$$\n",
    "\n",
    "- $\\sigma_X = \\sqrt{\\frac{1}{n} \\sum_{i=1}^{n} (x_i - \\bar{x})^2}$ → standard deviation of $X$  \n",
    "- $\\sigma_Y = \\sqrt{\\frac{1}{n} \\sum_{i=1}^{n} (y_i - \\bar{y})^2}$ → standard deviation of $Y$\n",
    "- division to std of each feature removes the scales effect\n",
    "- changig scales from for example from m to cm causes one values get multiplied by 100 and division to std of the same variable removes the 100\n",
    "- it is better to rely on on corr not cov. because changing scales does not affect the corr values"
   ]
  },
  {
   "cell_type": "code",
   "execution_count": null,
   "id": "8a9c4838-6cac-49b1-a6a4-31d4639da143",
   "metadata": {},
   "outputs": [],
   "source": []
  }
 ],
 "metadata": {
  "kernelspec": {
   "display_name": "Python 3 (ipykernel)",
   "language": "python",
   "name": "python3"
  },
  "language_info": {
   "codemirror_mode": {
    "name": "ipython",
    "version": 3
   },
   "file_extension": ".py",
   "mimetype": "text/x-python",
   "name": "python",
   "nbconvert_exporter": "python",
   "pygments_lexer": "ipython3",
   "version": "3.13.5"
  }
 },
 "nbformat": 4,
 "nbformat_minor": 5
}
